Epoch 1/3
train: 100%|██████████| 40/40 [00:22<00:00,  1.78it/s]
train_loss: 0.49188287779688833
val: 100%|██████████| 19/19 [00:06<00:00,  2.90it/s]
{'acc': 0.4959450960159302, 'f1': 0.4320497214794159, 'prec': 0.7247369289398193, 'rec': 0.5684577226638794}
Epoch 2/3
train: 100%|██████████| 40/40 [00:17<00:00,  2.32it/s]
train_loss: 0.04829630496678874
val: 100%|██████████| 19/19 [00:06<00:00,  2.91it/s]
{'acc': 0.46579331159591675, 'f1': 0.38317468762397766, 'prec': 0.7188662886619568, 'rec': 0.542719841003418}
Epoch 3/3
train: 100%|██████████| 40/40 [00:17<00:00,  2.33it/s]
train_loss: 0.04463598421425559
val: 100%|██████████| 19/19 [00:06<00:00,  2.85it/s]
{'acc': 0.996880829334259, 'f1': 0.9967869520187378, 'prec': 0.9972678422927856, 'rec': 0.996321976184845}